# Created by Octave 3.8.2, Mon Oct 19 16:57:52 2015 CEST <izqui@Jorges-MacBook-Pro.local>
# name: v
# type: matrix
# rows: 10
# columns: 1
 1
 2
 3
 4
 5
 5
 5
 6
 7
 7


